 -0.33689334 -0.038648296 -0.9574149 1.0156939 F 0.24998316 39640.18 6.3063075E-6
 -0.519 -0.046638175 -1.1284848 1.242986 T 0.24997231 21768.488 1.1483219E-5
 -0.7080994 -0.05052263 -1.2919244 1.4741187 T 0.2499617 13323.548 1.8760897E-5
 -0.9060646 -0.052558831 -1.4445235 1.7059788 T 0.24995644 8719.15 2.8667522E-5
 -1.1132147 -0.05362092 -1.5844017 1.9371245 T 0.24995437 5992.318 4.171247E-5
 -1.3290758 -0.054079953 -1.7104214 2.1667737 T 0.2499537 4280.2456 5.8397046E-5
 -1.5528324 -0.05411052 -1.821821 2.3944201 T 0.24995354 3155.0534 7.922323E-5
 -1.7835218 -0.053802832 -1.918045 2.6196835 T 0.24995363 2387.4101 1.04696555E-4
 -2.020116 -0.053207725 -1.9986651 2.842246 T 0.24995372 1847.0452 1.3532626E-4
 -2.2615561 -0.05235625 -2.06334 3.0618212 T 0.24995376 1456.388 1.7162581E-4
 -2.5067658 -0.051268965 -2.1117951 3.278137 T 0.2499537 1167.3868 2.1411385E-4
 -2.754657 -0.049960587 -2.1438124 3.4909257 T 0.24995334 949.2513 2.6331632E-4
 -3.0041303 -0.048442441 -2.159221 3.6999163 T 0.37484091 781.6636 4.795425E-4
 -3.37887 -0.045791864 -2.150921 4.005661 T 0.37483647 596.16223 6.2874914E-4
 -3.7508306 -0.042716056 -2.1046802 4.30119 T 0.37482908 464.30773 8.072859E-4
 -4.116028 -0.039236877 -2.0203254 4.5852956 T 0.37481671 368.02221 1.0184622E-3
 -4.470202 -0.035372506 -1.897715 4.8564677 T 0.37479588 296.03833 1.2660384E-3
 -4.8085846 -0.031137474 -1.7366214 5.112662 T 0.37475973 241.1228 1.5542277E-3
 -5.1254653 -0.026542524 -1.5365955 5.3509087 T 0.3746955 198.55301 1.8871309E-3
 -5.413406 -0.021596732 -1.296882 5.5666265 T 0.37457752 165.28534 2.2662477E-3
 -5.661904 -0.016317103 -1.0166514 5.752478 T 0.18742941 139.57356 1.3428719E-3
 -5.7667946 -0.013566 -0.8613448 5.830782 T 0.1874131 129.34561 1.4489328E-3
 -5.8556127 -0.010757639 -0.69633835 5.896881 T 0.18739413 120.92939 1.5496161E-3
 -5.925607 -7.915323E-3 -0.52253025 5.9486064 T 0.18737586 114.47462 1.6368332E-3
 -5.974032 -5.073809E-3 -0.34154218 5.983789 T 0.18736285 110.18356 1.700461E-3
 -5.998645 -2.2789421E-3 -0.15582404 6.000669 T 0.18736011 108.24661 1.7308635E-3
 -5.998289 4.174565E-4 0.03151634 5.998372 T 0.18736872 108.76026 1.7227682E-3
 -5.973244 2.9665092E-3 0.2171862 5.977192 T 0.18738522 111.67795 1.6779071E-3
 -5.925111 5.330752E-3 0.39826852 5.938483 T 0.18740413 116.83138 1.6040563E-3
 -5.8563203 7.4878386E-3 0.57257723 5.884249 T 0.18742174 124.005905 1.5113937E-3
 -5.7695703 9.4289975E-3 0.7387024 5.8166756 T 0.18743622 133.01595 1.409126E-3
 -5.667428 0.01115493 0.895853 5.737806 T 0.18744723 143.74939 1.3039863E-3
 -5.552142 0.012671679 1.0436479 5.649393 T 0.18745558 156.18059 1.200249E-3
 -5.4256014 0.013987655 1.1819422 5.5528674 T 0.28112503 170.36728 1.6501116E-3
 -5.218031 0.015604849 1.371529 5.3952927 T 0.2811452 195.2538 1.4398961E-3
 -4.99279 0.016819337 1.5397781 5.224859 T 0.2811584 225.172 1.2486384E-3
 -4.753136 0.0176562 1.6867994 5.0436005 T 0.2811668 261.2696 1.0761558E-3
 -4.5017066 0.018136732 1.8126473 4.852977 T 0.49957415 305.15447 1.6371189E-3
 -4.032454 0.018166553 1.9840426 4.4941563 T 0.4996026 409.76922 1.2192292E-3
 -3.5438177 0.017214559 2.088141 4.1133046 T 0.49961462 566.54235 8.818663E-4
 -3.0455362 0.01536064 2.1245675 3.7133965 T 0.4996157 812.7807 6.1469926E-4
 -2.546914 0.01268868 2.0931887 3.2967214 T 0.4996068 1222.5327 4.0866536E-4
 -2.057213 9.3019604E-3 1.9942526 2.8651797 T 0.40966972 1956.2284 2.0941815E-4
 -1.669091 6.0985302E-3 1.8631791 2.5014672 T 0.33701932 3057.3674 1.1023187E-4
 -1.363092 3.284936E-3 1.7219746 2.1961846 T 0.27601763 4662.6855 5.9197136E-5
 -1.1239879 9.773422E-4 1.584099 1.942349 T 0.2252831 6910.6606 3.2599356E-5
 -0.9381063 -7.824114E-4 1.45683 1.7327429 T 0.18338124 9922.838 1.8480725E-5
 -0.79394733 -2.000448E-3 1.3434925 1.5605539 T 0.148955 13774.101 1.0814137E-5
 -0.68219834 -2.7146926E-3 1.2450078 1.4196641 T 0.12078392 18465.043 6.5412205E-6
 -0.59549266 -2.9846511E-3 1.1609197 1.3047433 T 0.09780375 23907.13 4.0909862E-6
 -0.52809 -2.8835858E-3 1.0900505 1.2112379 T 0.079105064 29927.938 2.6431846E-6
 -0.47556 -2.4915323E-3 1.0309061 1.1353109 F 0.06392107 36296.63 1.7610746E-6
 -0.43450245 -1.8888756E-3 0.98191815 1.0737594 F 0.0516116 42760.89 1.2069813E-6
 -0.40231427 -1.1507865E-3 0.9415804 1.0239296 F 0.01041165 49084.363 2.1211746E-7
