 0.52016216 -0.018891701 -0.8721883 1.0156958 F 0.24993944 62226.726 4.0165932E-6
 0.6883106 -0.016566068 -1.0570948 1.2615448 T 0.24993975 30847.543 8.10242E-6
 0.87010556 -0.014203413 -1.2286025 1.5055728 T 0.2499437 17466.305 1.4310051E-5
 1.0642102 -0.011824202 -1.3860496 1.7475173 T 0.24994737 10819.682 2.3101176E-5
 1.2691756 -9.475304E-3 -1.5290787 1.9872037 T 0.24995023 7151.478 3.495085E-5
 1.483654 -7.1912165E-3 -1.65741 2.224475 T 0.2499522 4964.504 5.034787E-5
 1.7064083 -4.9952282E-3 -1.7707759 2.4591667 T 0.24995326 3581.2934 6.979413E-5
 1.9362881 -2.9037317E-3 -1.8688958 2.6910948 T 0.2499539 2664.6582 9.380336E-5
 2.172202 -9.29188E-4 -1.9514648 2.9200475 T 0.24995373 2033.8401 1.2289743E-4
 2.41309 9.180623E-4 -2.0181467 3.1457781 T 0.24995294 1585.9883 1.5760075E-4
 2.6578981 2.6287138E-3 -2.06857 3.3679981 T 0.24995154 1259.6377 1.984313E-4
 2.905555 4.193755E-3 -2.1023252 3.5863685 T 0.24994951 1016.5295 2.4588516E-4
 3.1549458 5.604103E-3 -2.1189677 3.800492 T 0.3748182 832.00256 4.5050127E-4
 3.5296707 7.4086515E-3 -2.1108002 4.1126766 T 0.37479963 630.7126 5.942479E-4
 3.9011962 8.809287E-3 -2.0613877 4.4123382 T 0.3747753 490.3962 7.6422956E-4
 4.2644362 9.768717E-3 -1.9691256 4.6971235 T 0.3747449 390.32803 9.600768E-4
 4.6134767 0.010247607 -1.8327283 4.964188 T 0.37470957 317.768 1.1791922E-3
 4.941497 0.010206881 -1.6515927 5.2102065 T 0.37466996 264.58782 1.4160514E-3
 5.240813 9.611352E-3 -1.4262326 5.4314227 T 0.3746261 225.42946 1.6618329E-3
 5.50306 8.434146E-3 -1.1587073 5.62373 T 0.3745774 196.67079 1.9045909E-3
 5.7194576 6.661415E-3 -0.852967 5.782715 T 0.37452113 175.85863 2.1296716E-3
 5.881091 4.297196E-3 -0.51512813 5.9036097 T 0.3744598 161.43657 2.3195475E-3
 5.9793996 1.3704142E-3 -0.15381524 5.981378 T 0.37441322 152.63847 2.4529413E-3
 6.007554 -2.0551872E-3 0.21952221 6.011564 T 0.37441167 149.31578 2.5075157E-3
 5.9629335 -5.8774682E-3 0.5912459 5.9921765 T 0.37445515 151.492 2.4717815E-3
 5.848566 -9.971874E-3 0.9477848 5.9248733 T 0.37451413 159.05524 2.3546167E-3
 5.6716375 -0.0142157794 1.2778441 5.813825 T 0.37456941 172.06642 2.1768885E-3
 5.441044 -0.018499667 1.5729889 5.663885 T 0.37461814 191.18137 1.9594908E-3
 5.1660394 -0.0227274 1.827338 5.4797487 T 0.37466275 217.79233 1.7202753E-3
 4.8557252 -0.026816107 2.037244 5.2658476 T 0.37470373 254.1034 1.4746113E-3
 4.518729 -0.030697241 2.2010166 5.0263633 T 0.37474045 303.35183 1.2353327E-3
 4.1629166 -0.034317154 2.3185527 4.765159 T 0.49947005 370.28607 1.3488762E-3
 3.6710424 -0.03866984 2.4052195 4.388978 T 0.49954494 499.8806 9.993286E-4
 3.1716213 -0.04242228 2.4156892 3.987046 T 0.4995964 702.91693 7.107474E-4
 2.6757667 -0.0455293 2.3547377 3.5646305 T 0.49962684 1034.7637 4.828415E-4
 2.1927607 -0.04795404 2.2269632 3.1256783 T 0.24995463 1610.1245 1.5523931E-4
 1.9586782 -0.048898763 2.1393172 2.9009463 T 0.41684025 2060.3901 2.0231132E-4
 1.5826374 -0.05005777 1.9594624 2.5192737 T 0.34059846 3260.8522 1.0445075E-4
 1.291632 -0.050595916 1.7824796 2.2018415 T 0.27716341 5018.265 5.5230924E-5
 1.0675966 -0.05074074 1.6192999 1.940224 T 0.22486873 7482.5126 3.005257E-5
 0.8954021 -0.050644923 1.4746797 1.7259752 T 0.18203518 10782.461 1.6882526E-5
 0.7629583 -0.050407357 1.3497982 1.5513225 T 0.14711374 14994.557 9.811143E-6
 0.6608617 -0.050089687 1.2438802 1.4094272 T 0.11873975 20115.184 5.902991E-6
 0.5819141 -0.049728982 1.1551881 1.2944329 T 0.09574376 26046.863 3.675827E-6
 0.52065354 -0.049347132 1.0816091 1.2014132 T 0.07714138 32604.592 2.3659667E-6
 0.4729492 -0.048957496 1.0209879 1.1262743 F 0.062114462 39541.39 1.570872E-6
 0.4356761 -0.048569206 0.97130113 1.0656446 F 0.0124974055 46585.82 2.682663E-7
 0.42830547 -0.048480737 0.961209 1.0534319 F 0.011886766 48196.027 2.4663373E-7
 0.4213362 -0.048392817 0.95158004 1.0418112 F 0.011305752 49795.08 2.2704557E-7
 0.41474545 -0.048305522 0.9423945 1.0307543 F 0.010752916 51380.296 2.0928093E-7
 0.4085117 -0.048218935 0.9336333 1.0202343 F 0.0102269165 52949.05 1.9314636E-7
